A =

    0.2716         0         0   -0.2799         0         0
         0    0.2716         0         0   -0.2799         0
         0         0    0.2716         0         0   -0.2799
   -0.2799         0         0    0.2766         0         0
         0   -0.2799         0         0    0.2766         0
         0         0   -0.2799         0         0    0.2766

>> eig(A)

ans =

   -0.0058
   -0.0058
   -0.0058
    0.5540
    0.5540
    0.5540